046140
191410
050540
066670
001420
031980
000680
237750
071320
094800
067920
040300
217620
004360
100030
012790
031440
007310
189690
007160
093320
025950
004840
019540
014130
130580
087600
123700
105550
003570
002920
072990
053280
006110
037440
088790
083420
003780
192440
222980
009300
003680
000390
220100
040420
048770
104540
104200
121890
208860
024060
084690
092460
069330
096870
036800
064480
065570
039610
039740
143210
238120
035510
053160
094280
010640
032080
153460
123750
103230
101240
006880
049770
051630
080580
003960
039240
006220
023960
004780
005870
005010
210980
018670
024940
024880
007860
187270
066900
039020
004960
054930
005750
077970
081580
026910
069640
136490
239610
056090
212560
142210
145990
000700
014440
036030
222110
088290
004650
079950
078070
011040
011500
025890
036670
025900
101680
100220
002230
053980
170920
134580
011810
036560
000540
190510
018680
078000
039570
005720
248170
174880
096610
033310
052860
063160
065690
015540
005610
005670
020710
066310
084730
024950
077360
100250
006890
042420
001810
002240
059100
009680
000430
032750
004560
144960
148250
001570
158310
023910
041440
228850
033830
069410
115610
069140
000070
071850
002690
010470
018310
104700
000640
011560
126560
067570
003300
078350
217820
036710
002710
014970
065770
950140
065530
073110
008490
129260
049070
014830
142280
203450
217190
000970
002290
014530
194370
016590
048430
044480
143540
215790
020120
101170
099320
044820
009070
153490
073540
219130
130740
089850
038070
220180
098120
200780
073190
010690
065710
143240
037070
064090
010770
106080
138250
900070
093920
101060
030960
007370
131290
145020
002780
041930
009440
101530
002100
032190
215200
109080
043710
005740
058420
127120
123860
023600
189300
033230
005950
192390
097870
234920
047560
008470
073010
044450
003220
000180
019660
101330
089530
092870
015890
032280
008250
229640
136510
002680
003070
063760
120240
121440
054040
196300
006090
043650
052220
170030
016250
079810
095500
021650
241710
024850
017480
008730
109820
001140
037370
049520
227840
002310
005680
137950
086450
214310
119500
012700
013520
102460
038010
246690
130500
057030
026940
053350
072130
092070
096640
068290
040160
063080
083550
001540
045340
096240
176440
039010
025540
016580
052790
004370
041520
016920
021320
101390
013030
094480
079370
011080
024800
005180
086670
187220
119650
046110
006740
036640
001550
003350
018470
119830
006200
127710
089470
035150
101490
065510
050760
067730
093640
064290
019990
060980
005960
068050
053610
057050
126600
042500
033560
238090
092200
131220
076080
004830
208350
053210
103590
130660
224110
010580
155660
073570
001620
005160
039830
037400
017000
039290
200670
105740
090740
031430
217270
170900
009160
004490
034310
083450
002020
138490
082850
136540
080520
053050
154040
016450
023460
036690
001500
059120
051490
214370
094840
128660
012200
033920
014710
084870
052190
002150
216050
039860
099190
024890
004380
225570
053690
080420
054210
067000
208370
051500
090850
100120
115500
029460
011420
007810
214430
013570
005500
053060
089010
100090
015020
050860
036010
053110
156100
082660
049720
138690
014820
060240
024910
046210
071670
237880
086960
108670
123330
196700
037350
030720
072950
049950
078140
090350
033270
041920
002460
119610
038870
043260
000220
056700
007280
006840
002380
023760
115440
138080
043150
051160
033540
019770
095570
010280
003230
095910
079980
138610
094850
063170
083650
042520
192400
080000
060280
030610
000020
049960
159580
095270
195870
104830
089600
033530
078940
001260
015860
082920
058730
099520
068930
214390
088130
051360
038340
198440
191420
006920
035610
109610
111870
089890
014470
023900
035760
002410
026040
089790
054540
950130
115180
084650
009730
131180
065350
005360
226320
205500
014940
160600
006580
069110
095340
008260
185750
079650
058400
092300
052330
048470
000490
115480
054920
092730
023350
053700
053450
079940
039340
093520
003090
214330
006280
189860
200710
225590
091590
016610
058450
015710
140520
112610
032560
090470
123570
041910
044490
000910
099410
084110
053300
003720
021050
206400
207760
045060
038680
138040
177350
069730
011230
064760
090360
069620
010240
002870
214320
086060
131760
001430
177830
035200
019180
044780
114190
124500
071280
030350
032350
214870
002320
033050
085810
082640
091440
155650
018620
025770
017250
001390
128940
122350
017900
014580
071200
122900
011300
121600
011760
131400
089140
115530
084010
115960
091970
122450
052600
007980
088910
004150
019680
058470
006650
089150
036620
051900
034120
147760
023440
014100
210540
083930
228340
039840
214450
114810
048910
008420
000240
038110
219550
064960
016100
234100
149980
097950
094820
010130
094360
234080
037760
001000
047400
100660
032940
036830
106240
102120
101160
102940
065130
131970
061040
226440
052710
002390
095720
080470
040610
215360
090150
044960
054620
003580
094170
013810
000520
032580
061250
214420
060230
040910
091340
023800
122640
200880
094970
003280
017890
005850
123420
084180
033160
222800
054050
046390
069540
009180
038460
060370
185490
236200
160980
126640
900290
037330
010420
123040
018700
046440
200130
119860
082210
115160
038500
225530
014570
058860
249420
102260
141000
045520
128820
001020
079430
007570
012860
017650
043370
052260
010960
204620
144510
069260
013870
182360
009200
085620
119850
072020
056360
039310
206640
114450
014680
071460
182690
083310
036890
054450
025820
009470
038530
060480
024720
017510
078860
089030
004720
035460
018500
241590
222420
086900
078520
001800
166480
016740
039030
151860
205100
006120
036580
027040
054670
010040
101670
214150
039490
161570
081660
000120
031310
065500
083470
047080
000150
058610
073640
041460
060590
187420
092600
241520
071840
004540
066130
032850
900140
003160
029480
016090
096350
009450
007610
243070
051780
226360
065560
038880
133750
098460
141080
044060
096300
113810
087010
014790
010780
005250
076610
086890
147830
151910
054220
042370
230360
067310
004270
011150
093240
033130
048830
049470
049120
053660
064550
105840
131030
001060
071970
048260
213500
001290
123890
009240
058850
078890
007700
215380
036000
140410
039420
053270
025880
012170
082800
037270
005880
178780
012750
237690
003010
004100
023160
000810
004170
038290
100700
041830
204320
029780
009290
131390
214180
014620
035290
123410
109740
002720
052690
026150
037230
065650
007530
013720
058630
001040
073490
006380
043340
001470
086040
214270
078340
208710
123690
026960
020000
008930
068790
013120
023590
230980
003540
068400
066910
101000
069960
060310
022220
056080
059210
053800
075970
012510
097230
004980
043610
021040
082740
023530
093050
051370
137940
089590
001340
109070
011280
168330
009310
077500
005320
145270
091120
192820
001840
010120
133820
039130
004800
020760
080220
064820
045660
002140
126700
079550
004000
046940
067160
041020
090080
031860
034940
006260
028100
099440
001820
030210
012160
092040
042110
012690
002350
004710
014910
200470
027830
218150
027740
011700
060720
182400
091580
024840
033240
047770
032680
013990
030520
005030
014200
060540
126880
137400
060560
078160
057680
085370
054940
215100
046070
048530
047920
042700
086280
041590
048550
205470
102710
100130
067900
052770
007660
045100
115390
118000
024900
072770
054090
007120
065660
218410
036570
161000
007820
025550
016600
067080
066110
025860
103140
085670
011790
037460
052670
089980
065440
004920
181710
046970
025440
051980
039440
036810
002990
217500
035080
142760
086980
029960
032620
042940
096530
003310
052900
019210
900280
017550
048870
013310
094940
026890
075580
052400
033100
012340
066410
108320
001250
035420
025980
018260
008040
000300
070960
081150
096760
069080
079160
060570
019570
031510
120110
232140
095700
090410
030190
184230
008060
067390
196490
207940
000060
196170
002790
160550
060900
004430
039980
065170
078930
111770
068760
131370
006980
067170
043220
081000
101140
117670
038060
139480
067990
161890
000370
007210
222040
074600
066590
066980
010600
083660
003620
250060
011210
001680
036180
041140
080530
010620
213420
078600
032500
066430
005440
123840
042510
016880
008290
035600
021880
061970
034730
095660
001120
009520
187790
006730
027580
043090
036120
010060
080160
063570
036170
101400
084370
011780
046310
003690
003410
011090
082270
033250
009410
004870
051600
105630
013000
033500
024740
057880
033320
000040
068940
122870
073560
025560
010820
900120
222810
027050
005830
056190
012280
033170
108230
002880
096690
011170
063440
032790
001380
114120
097800
069460
053950
114090
011330
074430
013360
109960
027410
017800
122990
044180
017960
000210
043200
002210
241560
037560
001200
009580
005420
005390
039670
036540
217600
192410
044340
043590
150840
208140
060250
048410
000400
004140
001780
038540
017040
047310
058530
003470
180400
094860
066700
046120
020560
068330
005860
900250
007070
064240
053030
039560
068240
049180
057540
175330
006910
141020
033640
032860
015260
038620
011320
000250
017180
108860
035620
203690
004990
220260
030790
021240
006060
015750
042660
217730
021080
015590
036460
003000
041510
002450
006050
001360
083640
011070
000880
056730
204840
079970
067290
104040
011000
054300
180640
003530
011690
071950
016670
161390
000080
072520
051910
047050
050110
214680
001520
009460
006340
007720
014160
036090
054180
089230
115450
030530
064350
007460
008600
206560
192250
030000
060260
002760
032830
019170
084680
049480
052020
090370
096770
027710
126870
090430
071050
009540
018290
114570
041960
121800
112040
010950
012450
011370
018000
052300
039200
136480
036200
078590
014190
240810
065420
005070
201490
091700
066970
004310
054780
050090
083790
012030
203650
003850
096630
900270
095610
900300
099220
022100
001230
064520
025750
012330
159910
020180
003550
193250
064260
001450
052420
014990
033290
222080
060150
032980
086390
012610
000100
032800
007630
009420
084990
044380
016360
085660
065950
034830
058220
208640
215480
043100
104480
006400
085310
004770
009810
091090
220630
900110
028260
086520
012630
088980
025620
019550
004020
049080
004060
131090
036930
005490
000990
139050
033780
900260
031330
059090
040350
050120
020150
031820
252500
002900
035250
003060
047810
145210
049630
037950
050890
079190
005290
127160
073240
012800
095190
008770
195990
011930
009320
053590
035720
000890
046890
090460
001440
088800
034230
003490
054630
067630
035900
138360
005930
005110
006360
065060
008700
008970
002360
028300
139130
033340
023410
093230
106520
064800
035810
042040
102280
002630
074610
078150
092220
043910
019590
065450
030200
002700
000720
005380
003560
060300
007390
066570
003520
009830
024110
090710
011200
005690
008350
215600
009150
009270
001740
018880
005940
006490
032820
093370
047820
138930
025320
033180
223310
010170
028050
007110
086790
224060
047040
034020
066790
017670
035890
196450
045390
010050
097780
058820
105560
000270
055550
200230
032640
041190
096040
001510
042670
900100
028670
088350
015760
004410
008560
006800
034220
078130
036630
010140
000660
024810
065150
